war.pairings=-1,1,0,1,0,0,-1,1,0,1,1,0,-1,0,1,0,1,1,-1,0,1,0,0,1,-1
war.unequal_final_pieces_source_outputs=0
band.payouts=0,40,624,1454,2684,4564,7344
band.skill_midpoints=4,14
freshness.repeated_command_history=-1,-1,-1
freshness.after_30_ticks_bits=c98f943e
floor.fill0=030303030303030303030303030303030303030303030303030303030303030303030303030303030303030303030303030303030303030303030303030303030303030303030303030303030303030303
floor.fill10=040404040404040404040404040404040404040404040404040404040404040404040404040404040404040404040404040404040404040404040404040404040404040404040404040404040404040404
floor.heart=0a0a0a0a0a0a0a0a0a0a0303030a0303030a0303030303030303030303030303030303030303030303030303030a030303030303030a0a0a03030303030a0a0a0a0a0303030a0a0a0a0a0a0a030a0a0a0a
floor.rainbow1=070909090909090907090909010101090909090901010101010909090101010301010109090101030303010109090101010301010109090901010101010909090909010101090909070909090909090907
floor.glyph_rows=06080e080800060804020c00040a0a0a0400000c0a0a0c0800040a06020c040a00000000
buzzer.auto_enable=1,1,1,0
buzzer.state29=Engaged
buzzer.state30=Locked
source_oracle=PASS
